#=====================================================
#
# チュートリアルの起伏地面の情報[ElevationTutorial.txt]
# Author：小原立暉
#
#=====================================================
#=====================================================
# 起伏地面の設定
#=====================================================
SET_ELEVATION
	POS = 0.00 0.00 0.00
	ROT = 0.00 0.00 0.00
	SIZE = 5000.00 5000.00
	WIDTH = 4
	DEPTH = 4
	TEXTURE = data\TEXTURE\TutorialFloor.png
	ELEV = 
		-2500.00 0.00 2500.00  -1250.00 0.00 2500.00  0.00 0.00 2500.00  1250.00 0.00 2500.00  2500.00 0.00 2500.00  
		-2500.00 0.00 1250.00  -1250.00 0.00 1250.00  0.00 0.00 1250.00  1250.00 0.00 1250.00  2500.00 0.00 1250.00  
		-2500.00 0.00 0.00  -1250.00 0.00 0.00  0.00 0.00 0.00  1250.00 0.00 0.00  2500.00 0.00 0.00  
		-2500.00 0.00 -1250.00  -1250.00 0.00 -1250.00  0.00 0.00 -1250.00  1250.00 0.00 -1250.00  2500.00 0.00 -1250.00  
		-2500.00 0.00 -2500.00  -1250.00 0.00 -2500.00  0.00 0.00 -2500.00  1250.00 0.00 -2500.00  2500.00 0.00 -2500.00  
END_SET_ELEVATION